Matrix Final:
0 150 175 90 110 170 160 190
150 0 40 95 155 145 220 220
175 40 0 85 145 105 210 180
90 95 85 0 60 80 125 140
110 155 145 60 0 85 65 80
170 145 105 80 85 0 150 75
160 220 210 125 65 150 0 105
190 220 180 140 80 75 105 0
